Thread[Thread-1,5,main]667
138
529
277
390
89
256
322
552
1
23
91
552
115
553
115
22
644
553
115
638
28
553
114
668
505
806
22
667
46
1
621
183
368
115
253
414
667
1
405
54
874
484
1
734
51
64
874
460
1081
1541
46
668
290
376
161
391
115
667
175
377
115
1219
23
92
1219
230
437
840
609
470
367
35
314
319
505
46
1334
115
46
303
203
46
69
184
484
253
298
115
233
434
460
207
553
45
736
552
115
668
206
345
1334
467
983
666
92
576
666
1219
668
154
512
116
1333
1334
2
666
459
92
511
41
116
781
736
483
322
